199
16 11 17 11
21 8 21 9
12 27 13 27
14 5 14 4
28 9 28 8
9 5 9 6
9 12 10 12
1 16 2 16
22 23 23 23
25 23 24 23
9 6 8 6
10 3 9 3
10 14 10 15
10 22 10 21
4 3 5 3
18 26 19 26
16 4 15 4
21 15 21 14
12 23 12 24
10 28 10 27
4 11 3 11
14 12 14 13
18 20 17 20
21 9 20 9
10 20 9 20
23 18 22 18
22 27 23 27
25 7 24 7
12 3 12 2
17 4 17 5
6 12 6 11
17 21 18 21
21 20 21 21
1 7 2 7
7 27 7 28
24 20 24 19
26 24 25 24
16 6 16 5
16 7 16 8
9 22 9 23
12 24 12 23
14 23 15 23
17 14 16 14
6 4 6 3
7 17 8 17
14 1 14 2
15 4 15 3
16 10 16 9
6 17 6 18
1 15 0 15
1 19 0 19
16 14 15 14
26 12 26 11
0 5 0 6
12 2 13 2
1 9 1 10
25 5 25 6
16 23 17 23
5 26 4 26
26 16 26 17
6 26 6 27
20 24 20 25
2 4 3 4
6 21 5 21
11 7 11 8
17 1 17 0
7 18 7 19
6 25 7 25
4 17 3 17
23 15 23 14
23 21 22 21
11 13 10 13
12 0 12 1
16 9 16 10
15 26 14 26
26 0 27 0
1 22 1 21
0 28 1 28
16 12 16 13
28 21 28 22
2 3 3 3
2 22 1 22
28 11 28 10
26 23 26 22
22 4 22 3
23 11 23 12
18 28 17 28
21 4 22 4
17 5 17 6
11 18 11 17
20 23 20 22
4 18 4 17
22 7 22 8
13 8 13 7
8 14 9 14
11 11 10 11
13 3 13 4
19 18 19 17
10 23 11 23
14 3 13 3
1 14 2 14
28 22 28 21
23 6 23 5
10 1 10 0
5 5 5 4
2 27 2 26
25 2 24 2
21 3 21 2
2 11 2 10
4 24 4 23
6 15 5 15
27 20 26 20
14 15 15 15
7 14 7 15
19 19 18 19
7 19 7 18
13 24 14 24
9 1 8 1
3 22 3 23
21 14 21 13
11 23 11 22
0 0 1 0
4 8 4 9
15 12 14 12
7 1 7 0
26 22 26 23
5 8 4 8
5 27 4 27
9 7 9 8
22 11 22 10
22 24 22 25
2 12 3 12
20 9 20 8
8 5 7 5
18 18 18 17
6 9 6 10
16 22 15 22
13 6 12 6
19 1 19 2
16 18 16 17
15 15 15 16
6 23 6 24
0 23 1 23
13 0 12 0
14 12 15 12
10 2 9 2
15 18 15 17
9 28 10 28
13 14 12 14
4 16 5 16
22 19 23 19
26 26 26 27
7 3 7 2
23 24 22 24
9 14 8 14
1 8 1 9
20 22 20 21
1 28 2 28
13 16 12 16
21 13 21 12
21 10 21 9
15 3 15 2
2 16 1 16
25 10 26 10
17 0 16 0
2 17 1 17
15 23 16 23
21 9 21 10
23 19 22 19
18 14 19 14
8 4 8 5
23 3 24 3
19 13 19 12
22 24 23 24
1 1 1 2
18 1 19 1
26 4 25 4
16 0 16 1
11 22 12 22
24 15 23 15
23 5 23 6
2 13 3 13
10 27 9 27
27 26 27 25
8 18 8 19
10 21 11 21
3 9 3 10
18 15 18 14
12 22 13 22
14 8 14 7
20 15 19 15
25 0 26 0
8 17 7 17
26 10 25 10
15 20 16 20
23 14 23 13
18 8 17 8
8 10 9 10
0 2 0 1
201
1 0 3 0
0 7 0 11
0 11 1 11
0 12 0 14
0 12 3 12
0 17 0 19
0 17 1 17
1 23 1 26
1 2 1 3
1 4 3 4
1 5 1 6
1 6 1 9
1 9 1 10
1 13 1 16
2 14 2 19
2 14 3 14
1 20 1 17
3 4 4 4
2 9 4 9
2 10 3 10
3 12 3 13
3 12 4 12
2 19 2 23
2 23 2 26
2 23 3 23
2 26 4 26
3 0 3 1
3 5 4 5
3 14 3 15
3 14 4 14
3 18 3 17
3 28 5 28
4 1 5 1
5 3 6 3
4 5 4 8
4 5 7 5
4 9 4 8
4 9 4 12
4 9 9 9
4 12 5 12
4 13 4 14
4 14 4 17
5 16 5 15
5 16 5 18
5 16 9 16
3 17 4 17
4 19 4 22
4 22 6 22
4 25 4 26
5 0 7 0
5 2 6 2
4 8 7 8
5 12 5 14
5 14 5 15
5 14 8 14
4 26 7 26
5 28 7 28
6 2 7 2
6 10 6 11
6 11 7 11
6 18 6 22
6 18 7 18
6 24 8 24
7 0 7 2
7 0 9 0
7 11 7 13
7 13 10 13
7 15 10 15
7 18 7 20
7 20 9 20
7 26 7 28
7 28 10 28
8 2 8 1
8 2 8 3
8 2 9 2
8 5 8 6
8 5 11 5
8 7 10 7
9 10 9 9
8 23 9 23
8 26 8 27
9 0 10 0
8 6 12 6
9 8 9 9
9 8 10 8
10 12 10 13
9 16 12 16
9 17 9 19
9 19 9 20
9 23 9 20
9 23 9 27
9 23 12 23
10 28 10 26
10 28 14 28
10 0 10 4
10 4 12 4
10 7 10 8
10 7 12 7
10 8 10 11
10 15 10 13
10 15 11 15
9 20 13 20
11 21 13 21
13 22 13 23
11 15 12 15
11 17 13 17
11 26 12 26
11 27 13 27
13 2 14 2
12 4 13 4
12 10 12 11
12 10 16 10
12 11 12 12
12 11 17 11
12 12 13 12
12 15 12 14
12 23 12 26
13 12 13 17
13 17 13 20
13 17 15 17
13 23 13 25
14 24 14 25
14 24 17 24
13 25 13 26
13 25 14 25
14 2 14 4
14 4 14 7
14 7 15 7
14 13 14 14
14 21 15 21
16 23 17 23
14 27 14 26
14 27 14 28
15 7 15 8
15 7 19 7
15 17 15 19
15 19 15 21
15 21 15 22
14 26 19 26
15 27 15 28
16 2 15 2
16 3 18 3
17 11 17 8
17 11 18 11
16 13 20 13
16 15 16 17
16 15 19 15
16 17 18 17
17 23 17 22
16 25 18 25
15 14 18 14
17 18 17 20
17 22 17 20
18 3 22 3
17 8 20 8
19 14 24 14
18 17 19 17
17 20 19 20
18 22 18 23
18 23 18 25
19 26 19 20
19 26 19 27
17 28 20 28
19 6 19 7
19 6 22 6
19 17 19 20
19 20 26 20
19 27 20 27
20 10 20 8
20 10 20 12
20 10 21 10
20 12 21 12
20 21 21 21
20 25 20 27
20 25 21 25
20 27 23 27
20 28 25 28
21 10 22 10
21 12 23 12
21 22 21 24
21 22 22 22
21 24 23 24
21 26 22 26
22 0 24 0
22 2 22 3
22 2 24 2
22 6 22 8
22 6 23 6
22 13 23 13
22 15 22 17
22 17 23 17
23 23 23 24
22 25 23 25
24 3 27 3
23 4 25 4
23 10 25 10
23 12 23 13
23 12 24 12
23 17 24 17
22 21 24 21
23 24 25 24
